time,temp,humidity
1630165983,20,74
1630166042,20,73
1630166102,20,73
1630166162,20,73
1630166222,20,73
1630166283,20,73
1630166342,20,73
1630166402,20,73
1630166462,20,73
1630166522,20,73
1630166583,20,73
1630166642,20,73
1630166703,20,73
1630166762,20,73
1630166822,20,73
1630166882,20,73
1630166942,20,74
1630167003,20,73
1630167062,20,73
1630167123,20,73
1630167182,20,73
1630167242,20,73
1630167302,20,73
1630167362,20,73
1630167423,20,73
1630167482,20,73
1630167543,20,73
1630167602,20,73
1630167663,20,73
1630167722,20,74
1630167786,20,74
1630167842,21,75
1630167902,20,73
1630167962,20,73
1630168022,20,73
1630168083,20,73
1630168142,20,73
1630168202,20,73
1630168262,20,73
1630168322,20,73
1630168383,20,73
1630168442,20,74
1630168504,20,74
1630168563,20,74
1630168622,20,74
1630168683,20,74
1630168742,20,74
1630168802,20,74
1630168864,20,74
1630168922,20,74
1630168984,20,74
1630169042,20,74
1630169103,20,74
1630169162,20,74
1630169222,20,74
1630169282,20,74
1630169342,20,74
1630169403,20,74
1630169462,20,74
1630169523,20,74
1630169582,20,74
1630169642,20,74
1630169702,20,74
1630169762,20,74
1630169823,20,74
1630169882,20,74
1630169943,20,74
1630170002,20,74
1630170062,20,74
1630170125,20,74
1630170182,20,74
1630170242,20,74
1630170302,20,74
1630170363,20,74
1630170422,20,74
1630170482,20,74
1630170542,20,74
1630170602,20,74
1630170663,20,74
1630170724,20,74
1630170782,20,74
1630170846,20,74
1630170902,20,74
1630170963,20,74
1630171022,20,74
1630171086,20,74
1630171142,20,74
1630171203,20,74
1630171262,21,74
1630171324,21,74
1630171383,21,74
Sensor error
1630171502,21,74
1630171563,21,73
1630171622,21,73
1630171682,21,73
1630171742,21,73
1630171802,21,73
1630171863,21,72
1630171922,21,72
1630171983,21,72
1630172042,21,72
1630172102,21,72
1630172162,21,72
1630172222,21,72
1630172283,21,72
1630172342,22,72
1630172402,22,72
1630172462,22,72
1630172522,22,72
1630172583,22,72
1630172642,22,72
1630172703,22,71
1630172762,22,71
1630172822,22,71
1630172882,22,71
1630172942,22,71
1630173003,22,71
1630173064,22,71
1630173122,22,71
1630173183,22,71
1630173242,22,71
1630173302,22,71
1630173363,22,70
1630173422,22,71
1630173483,22,70
1630173542,22,70
1630173602,22,70
1630173662,22,70
1630173722,22,70
1630173783,22,70
1630173842,22,70
1630173903,22,70
1630173962,22,70
1630174022,22,70
1630174082,22,70
1630174142,22,70
1630174203,22,70
1630174262,22,69
1630174322,22,69
1630174382,22,69
1630174442,22,69
1630174502,23,69
1630174562,23,69
1630174623,23,69
1630174682,23,69
1630174742,23,69
1630174802,23,69
1630174863,23,69
1630174922,23,69
Sensor error
1630175043,23,68
1630175102,23,68
1630175166,23,69
1630175222,23,68
1630175283,23,68
1630175342,23,68
1630175402,23,68
1630175466,23,68
1630175522,23,68
1630175582,23,68
1630175642,23,68
1630175703,23,68
1630175762,23,68
1630175824,23,68
1630175882,23,68
1630175942,23,68
1630176002,23,68
1630176064,23,68
1630176126,23,68
1630176182,23,68
1630176242,23,68
1630176302,23,68
1630176363,23,68
1630176422,23,68
1630176483,23,68
1630176542,23,68
1630176602,23,68
1630176662,23,68
Sensor error
1630176782,23,67
1630176842,23,67
1630176902,23,67
1630176963,23,67
1630177022,23,67
1630177086,23,67
1630177142,23,67
1630177203,23,67
1630177264,23,67
1630177322,23,67
1630177384,23,67
1630177442,23,67
1630177502,23,67
1630177562,23,67
1630177626,23,67
1630177682,23,67
1630177743,24,67
1630177802,23,67
1630177863,23,66
1630177922,23,66
1630177982,23,66
1630178043,23,66
1630178102,24,67
1630178162,24,66
1630178223,24,66
1630178282,24,66
1630178343,24,66
1630178402,24,66
1630178463,24,65
1630178522,24,65
1630178582,24,65
1630178642,24,65
1630178704,24,65
1630178764,24,65
1630178822,24,65
1630178883,24,65
1630178942,24,65
1630179006,24,65
1630179062,24,65
1630179123,24,65
1630179182,24,65
1630179242,24,65
1630179303,24,65
1630179362,24,65
1630179422,24,64
1630179483,24,64
1630179542,24,64
1630179603,24,64
1630179662,24,64
1630179722,24,64
1630179782,24,64
1630179842,24,64
1630179903,24,64
1630179962,24,64
1630180022,24,64
1630180083,24,64
1630180145,24,64
1630180202,24,64
1630180262,24,64
1630180322,24,64
1630180383,24,64
1630180442,24,64
1630180503,25,64
1630180562,24,64
1630180622,24,64
1630180682,24,63
1630180744,25,63
1630180802,25,64
1630180863,25,63
1630180925,25,63
1630180983,25,63
1630181042,25,63
1630181103,25,63
1630181162,25,63
1630181222,25,63
1630181282,25,63
1630181342,25,63
1630181406,25,63
1630181462,25,63
1630181523,25,63
1630181582,25,63
1630181643,25,63
1630181702,25,63
1630181762,25,63
1630181822,25,63
1630181884,25,63
1630181942,25,63
1630182002,25,63
1630182062,25,63
1630182123,25,63
1630182182,25,63
1630182243,25,63
1630182302,25,63
1630182364,25,63
1630182422,25,63
1630182482,25,63
1630182542,25,63
1630182603,25,63
1630182662,25,63
1630182723,25,63
1630182782,25,63
1630182842,25,62
1630182902,25,62
1630182962,25,62
1630183023,25,62
1630183082,25,62
1630183143,25,62
1630183202,25,62
1630183262,25,62
1630183323,25,62
1630183382,25,62
1630183443,25,62
1630183502,25,62
1630183562,25,62
1630183622,25,62
1630183682,25,62
1630183743,25,62
1630183805,25,62
1630183862,25,62
1630183922,25,62
1630183983,25,61
1630184042,25,61
1630184103,25,61
1630184162,25,61
1630184222,25,61
1630184283,25,61
1630184344,25,62
1630184402,25,62
1630184463,25,61
1630184522,25,61
1630184582,25,61
1630184642,25,61
1630184702,25,61
1630184763,25,61
1630184822,25,61
1630184884,25,61
1630184943,25,61
1630185002,25,61
1630185062,25,61
1630185122,25,61
1630185182,25,61
1630185243,25,61
1630185302,25,61
1630185363,25,61
1630185422,25,61
1630185483,25,61
1630185542,25,61
1630185604,25,61
1630185662,26,62
1630185722,25,61
1630185784,25,61
1630185842,25,61
1630185903,25,61
1630185962,26,62
1630186023,26,62
1630186082,26,62
1630186142,26,62
1630186202,26,62
1630186262,26,62
1630186323,26,62
1630186382,26,62
1630186443,26,62
1630186502,26,62
1630186563,26,62
1630186622,26,62
1630186682,26,62
1630186742,26,62
1630186802,26,62
1630186862,26,62
1630186922,26,62
