time,DHT_temp,api_temp
1631116986,23.5,27.61
1631117142,23.6,27.61
1631117146,23.6,27.42
1631117164,23.6,27.42
1631117224,23.6,27.42
1631117284,23.6,27.42
1631117345,23.7,27.42
1631117404,23.7,27.42
1631117464,23.7,27.42
1631117524,23.7,27.42
1631117584,23.7,27.67
1631117643,23.7,27.67
1631117705,23.7,27.67
1631117764,23.7,27.67
1631117824,23.7,27.67
1631117884,23.7,27.67
1631117943,23.7,27.67
1631118004,23.7,27.67
1631118064,23.8,27.67
1631118124,23.8,27.67
1631118184,23.8,27.67
1631118244,23.8,27.67
1631118304,23.8,27.7
1631118364,23.8,27.81
1631118424,23.9,27.7
1631118484,23.9,27.81
1631118543,23.9,27.7
1631118604,24.0,27.81
1631118664,24.0,27.7
1631118727,24.1,27.7
1631118785,24.1,27.7
1631118844,24.2,27.7
1631118904,24.2,27.81
1631118969,24.3,27.7
1631119024,24.3,27.25
1631119084,24.4,27.25
1631119144,24.4,27.25
1631119205,24.4,27.25
1631119264,24.5,27.25
1631119324,24.5,27.25
1631119384,24.5,27.25
1631119444,24.6,27.25
1631119504,24.6,27.25
1631119564,24.6,27.25
1631119624,24.5,27.25
1631119684,24.5,27.25
1631119744,24.4,27.25
1631119804,24.4,27.32
1631119864,24.5,27.32
1631119929,24.4,27.32
1631119984,24.4,27.32
1631120044,24.4,27.32
1631120105,24.4,27.25
1631120164,24.4,27.32
1631120224,24.5,27.32
1631120289,24.5,27.32
1631120345,24.5,27.32
