time,temp,humidity
1630870624,21.8,62.8
1630870682,21.8,62.5
1630870743,21.8,62.5
1630870803,21.9,62.5
1630870862,21.9,62.3
1630870923,21.9,62.1
1630870982,21.8,62.0
1630871042,21.9,62.0
1630871102,21.9,62.0
1630871162,21.9,61.9
1630871222,21.9,61.9
1630871283,21.9,61.7
1630871342,21.9,61.8
1630871402,21.9,61.7
1630871463,21.9,61.6
1630871522,21.9,61.6
1630871583,21.8,61.5
1630871642,21.9,61.5
1630871702,21.9,61.5
1630871763,21.9,61.5
1630871822,21.9,61.5
1630871882,21.9,61.5
1630871943,21.9,61.4
1630872002,21.9,61.5
1630872062,21.8,61.4
1630872122,21.8,61.8
1630872182,21.9,61.6
1630872243,21.9,62.2
1630872302,21.8,62.4
1630872362,21.8,62.5
1630872423,21.8,62.8
1630872482,21.8,62.9
1630872543,21.8,63.1
1630872602,21.8,63.3
1630872662,21.8,63.4
1630872723,21.8,63.5
1630872782,21.7,63.7
1630872842,21.7,63.7
1630872903,21.7,63.8
1630872962,21.7,63.8
1630873022,21.7,63.9
1630873083,21.7,64.0
1630873142,21.7,64.1
1630873202,21.6,64.0
1630873262,21.7,64.1
1630873322,21.6,64.1
1630873382,21.6,64.2
1630873442,21.6,64.2
1630873503,21.6,64.3
1630873562,21.6,64.3
1630873622,21.6,64.3
1630873682,21.6,64.4
1630873742,21.6,64.4
1630873803,21.6,64.4
1630873862,21.6,64.4
1630873922,21.6,64.5
1630873983,21.6,64.5
1630874042,21.5,64.4
1630874103,21.6,64.6
1630874162,21.5,64.5
1630874222,21.5,64.5
1630874283,21.5,64.6
1630874343,21.5,64.6
1630874402,21.5,64.6
1630874462,21.5,64.6
1630874522,21.5,64.6
1630874582,21.5,64.6
1630874642,21.5,64.6
1630874702,21.5,64.6
1630874763,21.5,64.6
1630874822,21.5,64.6
1630874882,21.5,64.6
1630874944,21.4,64.4
1630875002,21.5,64.5
1630875062,21.5,64.5
1630875123,21.5,64.5
1630875182,21.5,64.4
1630875242,21.5,64.5
1630875302,21.5,64.5
1630875362,21.5,64.6
1630875423,21.5,64.5
1630875482,21.4,64.4
1630875542,21.5,64.3
1630875602,21.5,64.5
1630875663,21.4,64.5
1630875722,21.4,64.5
1630875782,21.4,64.6
1630875843,21.4,64.7
1630875902,21.4,64.7
1630875962,21.4,64.8
1630876023,21.4,64.8
1630876082,21.4,64.9
1630876143,21.4,64.9
1630876202,21.4,64.9
1630876262,21.4,65.0
1630876322,21.4,65.0
1630876382,21.4,65.0
1630876442,21.4,65.0
1630876503,21.4,65.1
1630876562,21.4,65.1
1630876622,21.4,65.2
1630876683,21.3,65.1
1630876742,21.4,65.2
1630876802,21.4,65.2
1630876863,21.4,65.2
1630876922,21.3,65.2
1630876982,21.3,65.3
1630877045,21.3,65.3
1630877102,21.3,65.3
1630877162,21.4,65.3
1630877222,21.3,65.4
1630877282,21.3,65.5
1630877342,21.3,65.4
1630877402,21.3,65.4
1630877463,21.3,65.6
1630877522,21.3,66.0
1630877582,21.3,65.9
1630877643,21.3,65.8
1630877702,21.3,65.6
1630877762,21.3,65.4
1630877822,21.3,65.1
1630877883,21.3,65.1
1630877943,21.4,65.0
1630878003,21.3,64.7
1630878062,21.3,64.7
1630878122,21.3,64.7
1630878183,21.3,64.6
1630878242,21.3,64.5
1630878302,21.3,64.5
1630878363,21.4,64.4
1630878422,21.3,64.3
1630878483,21.3,64.3
1630878542,21.3,64.2
1630878602,21.4,64.3
1630878662,21.3,64.1
1630878722,21.4,64.1
1630878782,21.3,64.0
1630878843,21.3,63.9
1630878902,21.3,63.8
1630878962,21.3,63.8
1630879022,21.4,63.8
1630879083,21.4,63.8
1630879142,21.4,63.7
1630879202,21.4,63.7
1630879263,21.4,63.6
1630879322,21.4,63.6
1630879382,21.4,63.6
1630879442,21.4,63.5
1630879503,21.4,63.5
1630879562,21.4,63.4
1630879622,21.4,63.3
1630879683,21.4,63.3
1630879742,21.4,63.3
1630879802,21.4,63.3
1630879862,21.4,63.3
1630879922,21.4,63.2
1630879983,21.3,63.1
1630880042,21.4,63.2
1630880102,21.4,63.2
1630880163,21.4,63.2
1630880222,21.4,63.1
1630880282,21.4,63.1
1630880343,21.4,63.1
1630880402,21.4,63.1
1630880462,21.3,63.1
1630880522,21.4,63.1
1630880583,21.3,63.0
1630880643,21.4,63.0
1630880702,21.3,63.0
1630880762,21.4,63.1
1630880822,21.4,63.0
1630880882,21.3,62.9
1630880942,21.4,63.0
1630881002,21.3,62.9
1630881063,21.4,63.0
1630881122,21.3,62.8
1630881182,21.3,62.8
1630881243,21.3,62.9
1630881302,21.3,62.8
1630881362,21.3,62.8
1630881422,21.3,62.8
1630881483,21.3,62.8
1630881543,21.3,62.8
1630881602,21.3,62.8
1630881662,21.3,62.7
1630881723,21.3,62.7
1630881782,21.3,62.7
1630881842,21.3,62.7
1630881903,21.3,62.7
1630881962,21.3,62.6
1630882022,21.3,62.7
1630882082,21.3,62.6
1630882142,21.3,62.7
1630882202,21.3,62.6
1630882262,21.3,62.6
1630882323,21.3,62.6
1630882382,21.3,62.6
1630882442,21.3,62.6
1630882502,21.3,62.6
1630882563,21.3,62.6
1630882622,21.3,62.6
1630882683,21.3,62.6
1630882742,21.3,62.5
1630882804,21.3,62.5
